△相機參數:
  曝光(ELC)= 未知ELC
  數位增益(GNV) = 未知GNV
  類比增益(AGN) = 未知AGN
△興趣區間:
  X = 0
  W = 1280
  Y = 442
  H = 20
△校正係數:
  a0 = 167.792487608068
  a1 = 0.463260143785351
  a2 = 0.000565773973799445
  a3 = -2.83812304123764E-07
  a4 = 0
