△相機參數:
  曝光(ELC)= 未知ELC
  數位增益(GNV) = 未知GNV
  類比增益(AGN) = 未知AGN
△興趣區間:
  X = 0
  W = 1280
  Y = 451
  H = 20
△校正係數:
  a0 = 169.291849092241
  a1 = 0.453199334807649
  a2 = 0.000586201263707905
  a3 = -2.95842114841499E-07
  a4 = 0
