△相機參數:
  曝光(ELC)= 未知ELC
  數位增益(GNV) = 未知GNV
  類比增益(AGN) = 未知AGN
△興趣區間:
  X = 0
  W = 1280
  Y = 470
  H = 20
△校正係數:
  a0 = 161.272518880697
  a1 = 0.438128196806929
  a2 = 0.000590042113384942
  a3 = -2.81950332962037E-07
  a4 = 0
