△相機參數:
  曝光(ELC)= 未知ELC
  數位增益(GNV) = 未知GNV
  類比增益(AGN) = 未知AGN
△興趣區間:
  X = 0
  W = 1280
  Y = 494
  H = 20
△校正係數:
  a0 = 124.52308992612
  a1 = 0.748909901215503
  a2 = 0.000120494306381416
  a3 = -4.54105438297174E-08
  a4 = 0
