△相機參數:
  曝光(ELC)= 未知ELC
  數位增益(GNV) = 未知GNV
  類比增益(AGN) = 未知AGN
△興趣區間:
  X = 0
  W = 1280
  Y = 559
  H = 20
△校正係數:
  a0 = 134.827596886311
  a1 = 0.671236170823083
  a2 = 0.0002490912958742
  a3 = -1.13247980997297E-07
  a4 = 0
