△相機參數:
  曝光(ELC)= 未知ELC
  數位增益(GNV) = 未知GNV
  類比增益(AGN) = 未知AGN
△興趣區間:
  X = 0
  W = 1280
  Y = 544
  H = 20
△校正係數:
  a0 = 143.168414608959
  a1 = 0.583170531691259
  a2 = 0.000354480528768613
  a3 = -1.65095363665455E-07
  a4 = 0
