△相機參數:
  曝光(ELC)= 未知ELC
  數位增益(GNV) = 未知GNV
  類比增益(AGN) = 未知AGN
△興趣區間:
  X = 0
  W = 1280
  Y = 380
  H = 20
△校正係數:
  a0 = 142.237938381653
  a1 = 0.591522018035196
  a2 = 0.0003482418765879
  a3 = -1.51559458773223E-07
  a4 = 0
