△相機參數:
  曝光(ELC)= 未知ELC
  數位增益(GNV) = 未知GNV
  類比增益(AGN) = 未知AGN
△興趣區間:
  X = 0
  W = 1280
  Y = 559
  H = 20
△校正係數:
  a0 = 137.816140075576
  a1 = 0.540129906245891
  a2 = 0.000419239792854279
  a3 = -1.86049716624986E-07
  a4 = 0
