△相機參數:
  曝光(ELC)= 未知ELC
  數位增益(GNV) = 未知GNV
  類比增益(AGN) = 未知AGN
△興趣區間:
  X = 0
  W = 1280
  Y = 485
  H = 20
△校正係數:
  a0 = 110.24862818465
  a1 = 0.686188294778522
  a2 = 0.000208985978933955
  a3 = -9.95606168752546E-08
  a4 = 0
