△相機參數:
  曝光(ELC)= 未知ELC
  數位增益(GNV) = 未知GNV
  類比增益(AGN) = 未知AGN
△興趣區間:
  X = 0
  W = 1280
  Y = 559
  H = 20
△校正係數:
  a0 = 130.048402634015
  a1 = 0.672378663761781
  a2 = 0.000260392826037272
  a3 = -1.20608515910589E-07
  a4 = 0
